49
49
49
49
49
49
49
49
49
49
49
49
52
90
166
223
69
121
81
38
42
44
44
44
53
53
53
53
53
53
53
54
53
53
53
53
53
53
53
53
65
92
73
69
72
109
97
145
42
42
44
44
44
44
48
48
48
48
48
48
48
48
48
114
48
48
48
49
76
94
49
78
64
62
97
81
40
40
40
166
45
48
48
48
48
48
48
48
48
48
48
51
51
51
52
146
98
98
64
64
102
69
74
77
69
52
47
47
47
47
47
112
47
47
47
47
47
52
55
55
62
62
61
67
151
70
70
218
66
66
85
85
56
56
80
69
56
24
28
38
46
47
48
243
51
46
49
52
62
73
73
79
48
53
54
55
53
53
53
187
53
53
111
103
89
73
97
118
88
88
77
64
56
48
48
56
47
47
47
48
48
48
48
48
48
48
48
48
49
49
49
40
52
52
52
52
52
52
53
53
54
54
55
57
58
56
56
4
56
56
57
57
58
56
57
58
60
61
61
61
61
61
61
68
61
61
61
61
61
61
63
63
61
61
66
69
69
69
73
55
80
80
81
82
83
85
87
92
96
98
98
98
98
76
53
122
53
53
53
53
53
53
53
53
53
53
53
53
55
55
55
55
55
55
